.Random.seed <-
c(403L, 10L, 2000170956L, -1535368561L, -2055353659L, -1391795588L, 
-1060819246L, -838505907L, -1728485625L, 226814702L, -1988788280L, 
-1928167221L, -1611849431L, -861619848L, 416943782L, -374261567L, 
799756627L, -676102654L, 1900947252L, -556038985L, 1792832685L, 
827625924L, 1041002986L, 197357141L, -109764625L, 1610960886L, 
109971744L, -429791517L, 363315073L, 2092599792L, -1485031282L, 
-1701249031L, 1641223563L, 1300541882L, -1032752964L, -1098738689L, 
-1770790571L, 1471847020L, 1740205762L, -314369763L, 2058702743L, 
-349598978L, 724889784L, -2119673189L, -775276295L, 964389448L, 
-655608458L, -500464463L, -435722013L, 153053106L, -974612476L, 
904276807L, 1124278813L, -1809319788L, -2014226374L, 851319429L, 
629721951L, -498154522L, -1017442704L, -142204525L, -780302799L, 
-114008864L, 420326782L, -1904164855L, -735326149L, -946954742L, 
328543724L, 894575215L, 217705893L, 1445408092L, -744976078L, 
-1677692883L, 814092007L, 295101454L, -996176408L, 503584747L, 
-920319863L, -1779135464L, 1027353414L, 471300513L, 1240401971L, 
1759266210L, 1090240660L, 1461135127L, 595923213L, -354600924L, 
-1932683254L, -734900875L, 2112453839L, 997371862L, 248999808L, 
-1884568637L, -352246431L, -252109872L, 752573230L, -1776744743L, 
-681306901L, 1078711642L, 816695068L, -642899425L, 552796789L, 
1788628748L, 1043112674L, 1661188029L, -64319433L, 241507038L, 
1215243800L, 648972667L, 770195737L, 1904635304L, 1609961814L, 
-1845808687L, -639110781L, -1468641262L, 481149860L, -1557351577L, 
1264142525L, 1503195188L, -1309798L, 1591218149L, 1936202623L, 
86199046L, -1245764464L, -1795312333L, 1717932753L, -1457612672L, 
-1400848034L, -1826670935L, -1491181221L, -134321302L, 1691255308L, 
739557967L, -148754683L, 1102260156L, 1828389522L, -988829299L, 
-342060601L, -550030674L, 25959176L, 336398603L, -1558669335L, 
1319940280L, 734721894L, 1205474305L, 1731863187L, 1288176962L, 
1531005684L, -2001144073L, 1880905453L, -1390632572L, 1814704042L, 
1934980373L, 1624604591L, 2087112630L, 9352672L, 1604898083L, 
606839361L, 1281887536L, -12875954L, -1729901127L, -1308119093L, 
-2013993862L, 1525675388L, 1297534399L, 1098263189L, 1522260140L, 
1794318978L, 588933725L, 1165581655L, 796975166L, -1164184456L, 
-1663918245L, -19207495L, 128149256L, 1748540854L, -1108163855L, 
-1944746717L, 822042482L, 467430852L, -842271353L, 368916317L, 
1488443732L, -61908102L, 632527557L, -1141208033L, 426253222L, 
-1990812368L, 187310035L, 1640402417L, -96584928L, -799590978L, 
1912819145L, -1374809733L, 2143311690L, -1575925844L, 1084870319L, 
708463717L, 81951772L, -1976675726L, 328377581L, -1990607577L, 
-91330226L, 1637665192L, -1904063061L, 97011401L, 1980505816L, 
2108113798L, 1348146785L, -2079797261L, -793353630L, 1946260692L, 
-992102953L, -490012723L, -555582620L, 1396612938L, -292649291L, 
1392254479L, -565620970L, -330098240L, -715331197L, 281972641L, 
-1984372848L, -1938275218L, -1682410983L, 986528427L, -1338392934L, 
1078942300L, 1886152543L, 965916981L, 677678420L, 1232304616L, 
-1200264198L, 1163526352L, -761770708L, 30876404L, -1129973358L, 
-465447840L, -1705777908L, 848548576L, -536311454L, 689085096L, 
1039729228L, 555397500L, 1286219058L, 30396528L, 360105796L, 
1118985688L, 30174330L, -845025744L, 551807676L, -1630331052L, 
-889252798L, -354558560L, 1467493052L, 988559824L, 2010226018L, 
-1628418072L, -327907380L, 90820348L, 1659666930L, -1134491520L, 
-616143628L, 1994442376L, -745007302L, -514534576L, 1999849068L, 
1596637332L, 570716498L, 918912736L, 1816040140L, 342118560L, 
-534643838L, -700443928L, -1983270164L, 1370053692L, -428649870L, 
-1366649744L, -1499716060L, -1129495496L, 1532401690L, 1546656464L, 
-669789124L, -29703020L, 1953201282L, 1623918528L, -143926980L, 
1943655056L, -531788766L, 2117264392L, 1456687244L, 982850588L, 
-1614072174L, 201221248L, 83521556L, -1515109080L, 1335823930L, 
-641874736L, -2003381140L, 744067764L, 957675538L, -1867421728L, 
-234319924L, -484430368L, -861307358L, 1188071720L, 1573286156L, 
-62536132L, 1187516658L, -964334864L, 1375712068L, -1067591080L, 
1964892730L, 601753328L, -1320203076L, 914189844L, 326697154L, 
-25763744L, 1344081276L, 1152875728L, -441734110L, 1497037480L, 
1531330444L, 1691777468L, -752073678L, -207640768L, 2078062772L, 
1839223624L, 1194748602L, -1146974448L, 909711596L, -1209158572L, 
-265857262L, -1238895712L, 1087856588L, -333747360L, 326860994L, 
-141851096L, 666604972L, 37596988L, -733872270L, 1523831600L, 
637125156L, 1476177976L, 545033434L, -66141808L, -418351364L, 
-833187948L, 317997890L, -289326592L, -971906500L, 71489104L, 
1473524386L, 1086356296L, -1133446644L, 1956850908L, -1457540526L, 
1287694464L, 2020080468L, -1121201688L, -59659526L, -854272176L, 
792167468L, 677025140L, -793690478L, 1659779680L, 1540805260L, 
-1921602720L, -1512754462L, -1631733592L, 2063724748L, -680500740L, 
658980786L, -838027792L, 93203908L, 1244878680L, 827620218L, 
715144624L, 89211324L, -1059487660L, 700855234L, -1364409568L, 
1246017468L, -1365314992L, 322629090L, -1662275224L, -4657844L, 
2121564412L, -1566653710L, 475860736L, 1919729268L, -224133112L, 
757797306L, -26497072L, 984451564L, -1344075884L, 1921512146L, 
-2081874336L, -990771892L, 143910176L, -1864578430L, -730981912L, 
1378254828L, 1516873276L, -1104296334L, -63050896L, 574540068L, 
1434329656L, 1068571034L, -1382549040L, -1067129412L, -624494444L, 
-218377086L, -531610176L, -77690052L, -578360176L, 5446434L, 
930346504L, -1856649972L, -850512484L, -678097390L, -940467328L, 
-1602505964L, -882233048L, 1158988858L, -261764144L, -808027540L, 
-2092584396L, -1596622190L, 269731168L, 474822988L, 213354464L, 
801207714L, -1151257176L, 1683117708L, -653328964L, -143962510L, 
1014862832L, 217591364L, 349614168L, -1078511558L, 255680624L, 
1728575548L, 1411965204L, 1502503618L, 814786272L, -1056565124L, 
1404090064L, 180681122L, 147965992L, -278754548L, 1255328188L, 
106943282L, 137091776L, 864234548L, -1170026808L, 662820026L, 
-826162424L, 1538753830L, 1679769043L, 968488757L, 93970066L, 
380234336L, 1827105737L, -1293743365L, 118387916L, 1500138842L, 
2059100239L, 865619225L, -1054734546L, 1637488956L, -1032622419L, 
971450711L, -1964832608L, 1214395902L, -23623477L, -1915529523L, 
-1848335878L, -397419976L, 1695234017L, -2048511853L, -984935756L, 
2006663106L, -1217795113L, -1912830943L, 102585318L, 2038046436L, 
-698160619L, -717823425L, 1063221720L, 1276243958L, 287782915L, 
-2075880635L, -1352493214L, 1601616080L, -1889074183L, 1129996075L, 
-1815708516L, 1438438090L, 1111530431L, -1837476087L, 248930334L, 
2068459980L, 1843387293L, -753707481L, 448961616L, -206469906L, 
-755408485L, 37623805L, 335786730L, -1007573624L, -1652235471L, 
893320099L, 1045187492L, 253380178L, 1386792359L, 1118183921L, 
-655174346L, 1782062548L, 598348645L, 750361455L, -1050356312L, 
-48633082L, -1467060685L, -1029675883L, 1237302514L, 252669248L, 
-679341399L, -25650405L, 1569942764L, -534933254L, 1837461807L, 
338511161L, -1604024498L, -187970148L, -2076782835L, -1852225161L, 
-634761856L, -434656290L, -822877013L, 1133412269L, 128979994L, 
1588706008L, -1378782399L, -1754119181L, -1316106732L, 119211938L, 
309770423L, 663495297L, -608132474L, 970093252L, 1986966517L, 
-1481635233L, -507298632L, 834132374L, -436493405L, -1514498203L, 
-976277886L, -1766331408L, 49417625L, -104299637L, -1035604356L, 
-2117196630L, -1831135521L, -1729434519L, -1290058114L, 1573989996L, 
1494078141L, 1227870087L, -671204496L, 1551485454L, -2110150853L, 
-1253360611L, 107082954L, -572805144L, -1193689903L, -2014127933L, 
483012548L, 1319070834L, -16825017L, 1681881361L, 819211414L, 
1982317044L, 28570501L, 1587174095L, -501332024L, -163418522L, 
613384339L, -31490059L, -1766565422L, 956826144L, 1637874697L, 
1848983867L, -289536884L, -667053798L, 627935119L, -1723033383L, 
